startin 1
1 2 503
1 3 645
1 4 3
1 5 511
1 6 145
1 7 709
1 8 197
2 3 376
2 4 124
2 5 152
2 6 555
2 7 638
2 8 78
3 4 180
3 5 510
3 6 363
3 7 646
3 8 606
4 5 760
4 6 671
4 7 636
4 8 522
5 6 775
5 7 787
5 8 488
6 7 590
6 8 86
7 8 21
M
0 503 645 3 511 145 709 197
503 0 376 124 152 555 638 78
645 376 0 180 510 363 646 606
3 124 180 0 760 671 636 522
511 152 510 760 0 775 787 488
145 555 363 671 775 0 590 86
709 638 646 636 787 590 0 21
197 78 606 522 488 86 21 0
E