startin 1
1 2 459
1 3 190
1 4 1024
1 5 514
1 6 224
1 7 599
1 8 699
1 9 902
1 10 1088
1 11 378
2 3 8
2 4 444
2 5 1068
2 6 449
2 7 268
2 8 769
2 9 1045
2 10 659
2 11 422
3 4 879
3 5 717
3 6 733
3 7 543
3 8 167
3 9 907
3 10 924
3 11 630
4 5 206
4 6 570
4 7 914
4 8 964
4 9 29
4 10 408
4 11 428
5 6 922
5 7 711
5 8 758
5 9 700
5 10 933
5 11 1077
6 7 741
6 8 608
6 9 512
6 10 104
6 11 58
7 8 828
7 9 315
7 10 2
7 11 761
8 9 846
8 10 588
8 11 770
9 10 730
9 11 585
10 11 942
M
0 459 190 1024 514 224 599 699 902 1088 378
459 0 8 444 1068 449 268 769 1045 659 422
190 8 0 879 717 733 543 167 907 924 630
1024 444 879 0 206 570 914 964 29 408 428
514 1068 717 206 0 922 711 758 700 933 1077
224 449 733 570 922 0 741 608 512 104 58
599 268 543 914 711 741 0 828 315 2 761
699 769 167 964 758 608 828 0 846 588 770
902 1045 907 29 700 512 315 846 0 730 585
1088 659 924 408 933 104 2 588 730 0 942
378 422 630 428 1077 58 761 770 585 942 0
E