startin 1
1 2 218
1 3 110
1 4 368
1 5 351
1 6 513
1 7 579
2 3 216
2 4 148
2 5 155
2 6 204
2 7 302
3 4 421
3 5 139
3 6 656
3 7 481
4 5 81
4 6 545
4 7 51
5 6 63
5 7 34
6 7 18
M
0 218 110 368 351 513 579
218 0 216 148 155 204 302
110 216 0 421 139 656 481
368 148 421 0 81 545 51
351 155 139 81 0 63 34
513 204 656 545 63 0 18
579 302 481 51 34 18 0
E