startin 1
1 2 1032
1 3 1023
1 4 837
1 5 1067
1 6 230
1 7 859
1 8 1136
1 9 53
1 10 1256
1 11 880
1 12 1228
1 13 1274
2 3 335
2 4 1183
2 5 1021
2 6 1076
2 7 1272
2 8 1044
2 9 919
2 10 319
2 11 912
2 12 508
2 13 990
3 4 715
3 5 807
3 6 869
3 7 1299
3 8 629
3 9 768
3 10 739
3 11 381
3 12 1058
3 13 654
4 5 54
4 6 345
4 7 26
4 8 1166
4 9 673
4 10 1122
4 11 1273
4 12 1079
4 13 653
5 6 383
5 7 1263
5 8 542
5 9 884
5 10 1133
5 11 116
5 12 696
5 13 1054
6 7 500
6 8 509
6 9 726
6 10 878
6 11 796
6 12 126
6 13 149
7 8 72
7 9 493
7 10 1276
7 11 1101
7 12 485
7 13 382
8 9 1118
8 10 198
8 11 707
8 12 745
8 13 908
9 10 863
9 11 600
9 12 1167
9 13 70
10 11 987
10 12 550
10 13 1053
11 12 494
11 13 720
12 13 553
M
0 1032 1023 837 1067 230 859 1136 53 1256 880 1228 1274
1032 0 335 1183 1021 1076 1272 1044 919 319 912 508 990
1023 335 0 715 807 869 1299 629 768 739 381 1058 654
837 1183 715 0 54 345 26 1166 673 1122 1273 1079 653
1067 1021 807 54 0 383 1263 542 884 1133 116 696 1054
230 1076 869 345 383 0 500 509 726 878 796 126 149
859 1272 1299 26 1263 500 0 72 493 1276 1101 485 382
1136 1044 629 1166 542 509 72 0 1118 198 707 745 908
53 919 768 673 884 726 493 1118 0 863 600 1167 70
1256 319 739 1122 1133 878 1276 198 863 0 987 550 1053
880 912 381 1273 116 796 1101 707 600 987 0 494 720
1228 508 1058 1079 696 126 485 745 1167 550 494 0 553
1274 990 654 653 1054 149 382 908 70 1053 720 553 0
E