startin 1
1 2 60
1 3 781
1 4 1059
1 5 622
1 6 205
1 7 398
1 8 694
1 9 423
1 10 934
1 11 563
1 12 207
2 3 90
2 4 496
2 5 115
2 6 1195
2 7 783
2 8 998
2 9 978
2 10 1107
2 11 1143
2 12 544
3 4 118
3 5 641
3 6 944
3 7 392
3 8 1033
3 9 1139
3 10 273
3 11 926
3 12 614
4 5 610
4 6 523
4 7 1037
4 8 321
4 9 920
4 10 597
4 11 802
4 12 1009
5 6 112
5 7 906
5 8 1174
5 9 1108
5 10 325
5 11 27
5 12 644
6 7 803
6 8 1173
6 9 313
6 10 643
6 11 820
6 12 16
7 8 956
7 9 835
7 10 1186
7 11 763
7 12 105
8 9 1011
8 10 929
8 11 10
8 12 1063
9 10 556
9 11 952
9 12 165
10 11 1043
10 12 808
11 12 1017
M
0 60 781 1059 622 205 398 694 423 934 563 207
60 0 90 496 115 1195 783 998 978 1107 1143 544
781 90 0 118 641 944 392 1033 1139 273 926 614
1059 496 118 0 610 523 1037 321 920 597 802 1009
622 115 641 610 0 112 906 1174 1108 325 27 644
205 1195 944 523 112 0 803 1173 313 643 820 16
398 783 392 1037 906 803 0 956 835 1186 763 105
694 998 1033 321 1174 1173 956 0 1011 929 10 1063
423 978 1139 920 1108 313 835 1011 0 556 952 165
934 1107 273 597 325 643 1186 929 556 0 1043 808
563 1143 926 802 27 820 763 10 952 1043 0 1017
207 544 614 1009 644 16 105 1063 165 808 1017 0
E