startin 1
1 2 186
1 3 425
1 4 376
1 5 226
1 6 515
1 7 273
2 3 255
2 4 454
2 5 490
2 6 371
2 7 378
3 4 234
3 5 618
3 6 459
3 7 238
4 5 189
4 6 419
4 7 121
5 6 443
5 7 41
6 7 236
M
0 186 425 376 226 515 273
186 0 255 454 490 371 378
425 255 0 234 618 459 238
376 454 234 0 189 419 121
226 490 618 189 0 443 41
515 371 459 419 443 0 236
273 378 238 121 41 236 0
0