startin 1
1 2 254
1 3 457
1 4 181
1 5 330
1 6 209
2 3 537
2 4 164
2 5 507
2 6 73
3 4 119
3 5 140
3 6 287
4 5 61
4 6 456
5 6 68
M
0 254 457 181 330 209
254 0 537 164 507 73
457 537 0 119 140 287
181 164 119 0 61 456
330 507 140 61 0 68
209 73 287 456 68 0
E