startin 1
1 2 162
1 3 472
1 4 194
1 5 363
1 6 591
1 7 462
1 8 670
2 3 57
2 4 761
2 5 94
2 6 21
2 7 443
2 8 613
3 4 749
3 5 605
3 6 62
3 7 621
3 8 209
4 5 103
4 6 485
4 7 394
4 8 318
5 6 9
5 7 579
5 8 467
6 7 782
6 8 423
7 8 229
M
0 162 472 194 363 591 462 670
162 0 57 761 94 21 443 613
472 57 0 749 605 62 621 209
194 761 749 0 103 485 394 318
363 94 605 103 0 9 579 467
591 21 62 485 9 0 782 423
462 443 621 394 579 782 0 229
670 613 209 318 467 423 229 0
E