startin 1
1 2 1484
1 3 243
1 4 1383
1 5 455
1 6 1049
1 7 1416
1 8 1447
1 9 59
1 10 251
1 11 1257
1 12 1196
1 13 680
1 14 1336
1 15 1440
2 3 1443
2 4 1476
2 5 1380
2 6 1441
2 7 932
2 8 1420
2 9 822
2 10 12
2 11 535
2 12 1430
2 13 1496
2 14 445
2 15 1181
3 4 1425
3 5 347
3 6 1470
3 7 1452
3 8 877
3 9 1372
3 10 1218
3 11 1137
3 12 480
3 13 1448
3 14 960
3 15 1327
4 5 1468
4 6 1227
4 7 1146
4 8 1083
4 9 1360
4 10 45
4 11 1309
4 12 1461
4 13 1456
4 14 616
4 15 777
5 6 436
5 7 1298
5 8 1488
5 9 1479
5 10 1490
5 11 433
5 12 1294
5 13 1073
5 14 1361
5 15 1210
6 7 996
6 8 48
6 9 1215
6 10 122
6 11 564
6 12 1489
6 13 1474
6 14 1483
6 15 1214
7 8 1351
7 9 1013
7 10 806
7 11 1201
7 12 1223
7 13 1208
7 14 581
7 15 475
8 9 918
8 10 1410
8 11 1457
8 12 294
8 13 1268
8 14 1180
8 15 735
9 10 1212
9 11 1328
9 12 1018
9 13 1464
9 14 1446
9 15 1365
10 11 1390
10 12 1462
10 13 575
10 14 1480
10 15 1439
11 12 1016
11 13 7
11 14 894
11 15 1039
12 13 1389
12 14 1314
12 15 1403
13 14 1482
13 15 1156
14 15 1340
M
0 1484 243 1383 455 1049 1416 1447 59 251 1257 1196 680 1336 1440
1484 0 1443 1476 1380 1441 932 1420 822 12 535 1430 1496 445 1181
243 1443 0 1425 347 1470 1452 877 1372 1218 1137 480 1448 960 1327
1383 1476 1425 0 1468 1227 1146 1083 1360 45 1309 1461 1456 616 777
455 1380 347 1468 0 436 1298 1488 1479 1490 433 1294 1073 1361 1210
1049 1441 1470 1227 436 0 996 48 1215 122 564 1489 1474 1483 1214
1416 932 1452 1146 1298 996 0 1351 1013 806 1201 1223 1208 581 475
1447 1420 877 1083 1488 48 1351 0 918 1410 1457 294 1268 1180 735
59 822 1372 1360 1479 1215 1013 918 0 1212 1328 1018 1464 1446 1365
251 12 1218 45 1490 122 806 1410 1212 0 1390 1462 575 1480 1439
1257 535 1137 1309 433 564 1201 1457 1328 1390 0 1016 7 894 1039
1196 1430 480 1461 1294 1489 1223 294 1018 1462 1016 0 1389 1314 1403
680 1496 1448 1456 1073 1474 1208 1268 1464 575 7 1389 0 1482 1156
1336 445 960 616 1361 1483 581 1180 1446 1480 894 1314 1482 0 1340
1440 1181 1327 777 1210 1214 475 735 1365 1439 1039 1403 1156 1340 0
E