startin 1
1 2 466
1 3 364
1 4 237
1 5 898
1 6 685
1 7 109
1 8 476
1 9 367
2 3 851
2 4 773
2 5 857
2 6 716
2 7 169
2 8 865
2 9 108
3 4 88
3 5 472
3 6 854
3 7 791
3 8 603
3 9 743
4 5 226
4 6 875
4 7 867
4 8 403
4 9 225
5 6 146
5 7 548
5 8 232
5 9 469
6 7 369
6 8 393
6 9 388
7 8 574
7 9 297
8 9 5
M
0 466 364 237 898 685 109 476 367
466 0 851 773 857 716 169 865 108
364 851 0 88 472 854 791 603 743
237 773 88 0 226 875 867 403 225
898 857 472 226 0 146 548 232 469
685 716 854 875 146 0 369 393 388
109 169 791 867 548 369 0 574 297
476 865 603 403 232 393 574 0 5
367 108 743 225 469 388 297 5 0
E