startin 1
1 2 1586
1 3 1136
1 4 487
1 5 861
1 6 1517
1 7 1480
1 8 330
1 9 143
1 10 1512
1 11 403
1 12 1367
1 13 1306
1 14 1076
1 15 418
1 16 577
2 3 90
2 4 1458
2 5 741
2 6 1014
2 7 935
2 8 717
2 9 20
2 10 146
2 11 754
2 12 712
2 13 312
2 14 1424
2 15 1438
2 16 18
3 4 1195
3 5 819
3 6 238
3 7 475
3 8 963
3 9 692
3 10 483
3 11 541
3 12 1329
3 13 951
3 14 136
3 15 828
3 16 1277
4 5 1261
4 6 1582
4 7 684
4 8 1282
4 9 421
4 10 210
4 11 226
4 12 1364
4 13 809
4 14 500
4 15 438
4 16 763
5 6 383
5 7 489
5 8 892
5 9 75
5 10 1578
5 11 1119
5 12 968
5 13 392
5 14 425
5 15 705
5 16 1288
6 7 474
6 8 1211
6 9 1323
6 10 28
6 11 582
6 12 321
6 13 643
6 14 375
6 15 1141
6 16 55
7 8 889
7 9 1434
7 10 1467
7 11 1124
7 12 186
7 13 92
7 14 1222
7 15 984
7 16 1044
8 9 1085
8 10 1567
8 11 447
8 12 896
8 13 235
8 14 1273
8 15 15
8 16 1404
9 10 173
9 11 116
9 12 1046
9 13 743
9 14 40
9 15 377
9 16 720
10 11 328
10 12 604
10 13 887
10 14 1513
10 15 440
10 16 1234
11 12 613
11 13 687
11 14 735
11 15 402
11 16 314
12 13 57
12 14 782
12 15 283
12 16 87
13 14 964
13 15 804
13 16 674
14 15 126
14 16 244
15 16 1349
M
0 1586 1136 487 861 1517 1480 330 143 1512 403 1367 1306 1076 418 577
1586 0 90 1458 741 1014 935 717 20 146 754 712 312 1424 1438 18
1136 90 0 1195 819 238 475 963 692 483 541 1329 951 136 828 1277
487 1458 1195 0 1261 1582 684 1282 421 210 226 1364 809 500 438 763
861 741 819 1261 0 383 489 892 75 1578 1119 968 392 425 705 1288
1517 1014 238 1582 383 0 474 1211 1323 28 582 321 643 375 1141 55
1480 935 475 684 489 474 0 889 1434 1467 1124 186 92 1222 984 1044
330 717 963 1282 892 1211 889 0 1085 1567 447 896 235 1273 15 1404
143 20 692 421 75 1323 1434 1085 0 173 116 1046 743 40 377 720
1512 146 483 210 1578 28 1467 1567 173 0 328 604 887 1513 440 1234
403 754 541 226 1119 582 1124 447 116 328 0 613 687 735 402 314
1367 712 1329 1364 968 321 186 896 1046 604 613 0 57 782 283 87
1306 312 951 809 392 643 92 235 743 887 687 57 0 964 804 674
1076 1424 136 500 425 375 1222 1273 40 1513 735 782 964 0 126 244
418 1438 828 438 705 1141 984 15 377 440 402 283 804 126 0 1349
577 18 1277 763 1288 55 1044 1404 720 1234 314 87 674 244 1349 0
E