startin 1
1 2 155
1 3 549
1 4 574
1 5 482
1 6 488
1 7 291
2 3 27
2 4 660
2 5 122
2 6 340
2 7 385
3 4 572
3 5 85
3 6 581
3 7 606
4 5 404
4 6 387
4 7 13
5 6 168
5 7 644
6 7 373
M
0 155 549 574 482 488 291
155 0 27 660 122 340 385
549 27 0 572 85 581 606
574 660 572 0 404 387 13
482 122 85 404 0 168 644
488 340 581 387 168 0 373
291 385 606 13 644 373 0
E