startin 1
1 2 328
1 3 469
1 4 265
1 5 708
1 6 181
1 7 163
1 8 16
1 9 624
2 3 871
2 4 53
2 5 175
2 6 275
2 7 575
2 8 634
2 9 212
3 4 428
3 5 289
3 6 732
3 7 479
3 8 299
3 9 661
4 5 638
4 6 88
4 7 214
4 8 618
4 9 138
5 6 139
5 7 159
5 8 899
5 9 843
6 7 70
6 8 287
6 9 593
7 8 497
7 9 222
8 9 831
M
0 328 469 265 708 181 163 16 624
328 0 871 53 175 275 575 634 212
469 871 0 428 289 732 479 299 661
265 53 428 0 638 88 214 618 138
708 175 289 638 0 139 159 899 843
181 275 732 88 139 0 70 287 593
163 575 479 214 159 70 0 497 222
16 634 299 618 899 287 497 0 831
624 212 661 138 843 593 222 831 0
E