startin 1
1 2 533
1 3 564
1 4 1038
1 5 923
1 6 167
1 7 672
1 8 406
1 9 1137
1 10 834
1 11 157
1 12 1164
2 3 1082
2 4 15
2 5 218
2 6 1093
2 7 475
2 8 349
2 9 766
2 10 960
2 11 891
2 12 967
3 4 384
3 5 511
3 6 958
3 7 821
3 8 769
3 9 58
3 10 919
3 11 1199
3 12 758
4 5 1157
4 6 61
4 7 751
4 8 211
4 9 855
4 10 647
4 11 135
4 12 895
5 6 873
5 7 1020
5 8 589
5 9 547
5 10 622
5 11 1070
5 12 1062
6 7 473
6 8 1200
6 9 356
6 10 456
6 11 942
6 12 625
7 8 776
7 9 224
7 10 602
7 11 880
7 12 1170
8 9 959
8 10 494
8 11 435
8 12 985
9 10 288
9 11 504
9 12 703
10 11 210
10 12 566
11 12 1167
M
0 533 564 1038 923 167 672 406 1137 834 157 1164
533 0 1082 15 218 1093 475 349 766 960 891 967
564 1082 0 384 511 958 821 769 58 919 1199 758
1038 15 384 0 1157 61 751 211 855 647 135 895
923 218 511 1157 0 873 1020 589 547 622 1070 1062
167 1093 958 61 873 0 473 1200 356 456 942 625
672 475 821 751 1020 473 0 776 224 602 880 1170
406 349 769 211 589 1200 776 0 959 494 435 985
1137 766 58 855 547 356 224 959 0 288 504 703
834 960 919 647 622 456 602 494 288 0 210 566
157 891 1199 135 1070 942 880 435 504 210 0 1167
1164 967 758 895 1062 625 1170 985 703 566 1167 0
E