startin 1
1 2 726
1 3 247
1 4 266
1 5 412
1 6 864
1 7 1152
1 8 402
1 9 725
1 10 1089
1 11 838
1 12 49
1 13 964
2 3 901
2 4 535
2 5 143
2 6 975
2 7 1288
2 8 1119
2 9 1116
2 10 98
2 11 444
2 12 29
2 13 968
3 4 684
3 5 1188
3 6 66
3 7 241
3 8 476
3 9 1120
3 10 1073
3 11 988
3 12 675
3 13 1041
4 5 118
4 6 921
4 7 493
4 8 1201
4 9 1058
4 10 683
4 11 277
4 12 1259
4 13 45
5 6 109
5 7 272
5 8 105
5 9 90
5 10 1186
5 11 403
5 12 1239
5 13 518
6 7 192
6 8 890
6 9 951
6 10 439
6 11 798
6 12 131
6 13 1172
7 8 1045
7 9 1158
7 10 329
7 11 1244
7 12 1036
7 13 1176
8 9 1286
8 10 915
8 11 1221
8 12 341
8 13 559
9 10 415
9 11 916
9 12 1175
9 13 79
10 11 842
10 12 582
10 13 799
11 12 1185
11 13 728
12 13 706
M
0 726 247 266 412 864 1152 402 725 1089 838 49 964
726 0 901 535 143 975 1288 1119 1116 98 444 29 968
247 901 0 684 1188 66 241 476 1120 1073 988 675 1041
266 535 684 0 118 921 493 1201 1058 683 277 1259 45
412 143 1188 118 0 109 272 105 90 1186 403 1239 518
864 975 66 921 109 0 192 890 951 439 798 131 1172
1152 1288 241 493 272 192 0 1045 1158 329 1244 1036 1176
402 1119 476 1201 105 890 1045 0 1286 915 1221 341 559
725 1116 1120 1058 90 951 1158 1286 0 415 916 1175 79
1089 98 1073 683 1186 439 329 915 415 0 842 582 799
838 444 988 277 403 798 1244 1221 916 842 0 1185 728
49 29 675 1259 1239 131 1036 341 1175 582 1185 0 706
964 968 1041 45 518 1172 1176 559 79 799 728 706 0
E