startin 1
1 2 11
1 3 720
1 4 165
1 5 276
1 6 218
1 7 464
1 8 477
2 3 251
2 4 103
2 5 706
2 6 552
2 7 155
2 8 555
3 4 767
3 5 337
3 6 201
3 7 102
3 8 405
4 5 556
4 6 369
4 7 448
4 8 479
5 6 197
5 7 78
5 8 735
6 7 768
6 8 444
7 8 418
M
0 11 720 165 276 218 464 477
11 0 251 103 706 552 155 555
720 251 0 767 337 201 102 405
165 103 767 0 556 369 448 479
276 706 337 556 0 197 78 735
218 552 201 369 197 0 768 444
464 155 102 448 78 768 0 418
477 555 405 479 735 444 418 0
0