startin 1
1 2 1460
1 3 155
1 4 1322
1 5 1090
1 6 363
1 7 494
1 8 190
1 9 833
1 10 1052
1 11 200
1 12 959
1 13 1276
1 14 826
1 15 441
2 3 845
2 4 1289
2 5 514
2 6 457
2 7 101
2 8 919
2 9 1248
2 10 1210
2 11 80
2 12 795
2 13 131
2 14 547
2 15 60
3 4 1047
3 5 1006
3 6 246
3 7 94
3 8 434
3 9 723
3 10 1241
3 11 1199
3 12 679
3 13 1414
3 14 1306
3 15 1465
4 5 1124
4 6 1388
4 7 237
4 8 408
4 9 261
4 10 265
4 11 1125
4 12 1323
4 13 700
4 14 26
4 15 1179
5 6 95
5 7 677
5 8 1024
5 9 1123
5 10 1470
5 11 1346
5 12 1270
5 13 704
5 14 1028
5 15 1385
6 7 269
6 8 864
6 9 609
6 10 706
6 11 970
6 12 213
6 13 1496
6 14 697
6 15 670
7 8 556
7 9 520
7 10 754
7 11 1064
7 12 559
7 13 953
7 14 1242
7 15 1406
8 9 932
8 10 777
8 11 7
8 12 528
8 13 29
8 14 394
8 15 665
9 10 1222
9 11 207
9 12 1457
9 13 47
9 14 500
9 15 1425
10 11 1480
10 12 802
10 13 1186
10 14 332
10 15 194
11 12 560
11 13 1174
11 14 1375
11 15 198
12 13 1050
12 14 1257
12 15 1200
13 14 1030
13 15 1435
14 15 717
M
0 1460 155 1322 1090 363 494 190 833 1052 200 959 1276 826 441
1460 0 845 1289 514 457 101 919 1248 1210 80 795 131 547 60
155 845 0 1047 1006 246 94 434 723 1241 1199 679 1414 1306 1465
1322 1289 1047 0 1124 1388 237 408 261 265 1125 1323 700 26 1179
1090 514 1006 1124 0 95 677 1024 1123 1470 1346 1270 704 1028 1385
363 457 246 1388 95 0 269 864 609 706 970 213 1496 697 670
494 101 94 237 677 269 0 556 520 754 1064 559 953 1242 1406
190 919 434 408 1024 864 556 0 932 777 7 528 29 394 665
833 1248 723 261 1123 609 520 932 0 1222 207 1457 47 500 1425
1052 1210 1241 265 1470 706 754 777 1222 0 1480 802 1186 332 194
200 80 1199 1125 1346 970 1064 7 207 1480 0 560 1174 1375 198
959 795 679 1323 1270 213 559 528 1457 802 560 0 1050 1257 1200
1276 131 1414 700 704 1496 953 29 47 1186 1174 1050 0 1030 1435
826 547 1306 26 1028 697 1242 394 500 332 1375 1257 1030 0 717
441 60 1465 1179 1385 670 1406 665 1425 194 198 1200 1435 717 0
E