startin 1
1 2 1006
1 3 1361
1 4 850
1 5 1305
1 6 760
1 7 876
1 8 896
1 9 333
1 10 466
1 11 1255
1 12 1316
1 13 1379
1 14 1290
2 3 1028
2 4 32
2 5 1235
2 6 696
2 7 100
2 8 1108
2 9 930
2 10 496
2 11 1069
2 12 597
2 13 1030
2 14 521
3 4 874
3 5 1056
3 6 1250
3 7 662
3 8 1040
3 9 578
3 10 1258
3 11 1347
3 12 588
3 13 962
3 14 750
4 5 1237
4 6 128
4 7 1336
4 8 1275
4 9 322
4 10 1014
4 11 263
4 12 1149
4 13 414
4 14 1230
5 6 108
5 7 30
5 8 695
5 9 665
5 10 1322
5 11 612
5 12 643
5 13 846
5 14 713
6 7 1397
6 8 183
6 9 853
6 10 804
6 11 1370
6 12 775
6 13 352
6 14 911
7 8 560
7 9 878
7 10 794
7 11 1051
7 12 262
7 13 1077
7 14 765
8 9 642
8 10 1208
8 11 390
8 12 1090
8 13 1125
8 14 1354
9 10 437
9 11 55
9 12 140
9 13 1395
9 14 1298
10 11 460
10 12 944
10 13 1380
10 14 632
11 12 188
11 13 1254
11 14 1326
12 13 399
12 14 474
13 14 227
M
0 1006 1361 850 1305 760 876 896 333 466 1255 1316 1379 1290
1006 0 1028 32 1235 696 100 1108 930 496 1069 597 1030 521
1361 1028 0 874 1056 1250 662 1040 578 1258 1347 588 962 750
850 32 874 0 1237 128 1336 1275 322 1014 263 1149 414 1230
1305 1235 1056 1237 0 108 30 695 665 1322 612 643 846 713
760 696 1250 128 108 0 1397 183 853 804 1370 775 352 911
876 100 662 1336 30 1397 0 560 878 794 1051 262 1077 765
896 1108 1040 1275 695 183 560 0 642 1208 390 1090 1125 1354
333 930 578 322 665 853 878 642 0 437 55 140 1395 1298
466 496 1258 1014 1322 804 794 1208 437 0 460 944 1380 632
1255 1069 1347 263 612 1370 1051 390 55 460 0 188 1254 1326
1316 597 588 1149 643 775 262 1090 140 944 188 0 399 474
1379 1030 962 414 846 352 1077 1125 1395 1380 1254 399 0 227
1290 521 750 1230 713 911 765 1354 1298 632 1326 474 227 0
E