startin 1
1 2 426
1 3 913
1 4 771
1 5 733
1 6 594
1 7 283
1 8 470
1 9 502
1 10 1012
1 11 19
2 3 432
2 4 397
2 5 870
2 6 250
2 7 937
2 8 43
2 9 881
2 10 998
2 11 780
3 4 433
3 5 1
3 6 955
3 7 1067
3 8 327
3 9 110
3 10 900
3 11 553
4 5 484
4 6 651
4 7 330
4 8 813
4 9 351
4 10 530
4 11 455
5 6 614
5 7 232
5 8 992
5 9 149
5 10 941
5 11 978
6 7 361
6 8 113
6 9 818
6 10 544
6 11 1018
7 8 844
7 9 912
7 10 817
7 11 411
8 9 947
8 10 1086
8 11 1025
9 10 419
9 11 857
10 11 307
M
0 426 913 771 733 594 283 470 502 1012 19
426 0 432 397 870 250 937 43 881 998 780
913 432 0 433 1 955 1067 327 110 900 553
771 397 433 0 484 651 330 813 351 530 455
733 870 1 484 0 614 232 992 149 941 978
594 250 955 651 614 0 361 113 818 544 1018
283 937 1067 330 232 361 0 844 912 817 411
470 43 327 813 992 113 844 0 947 1086 1025
502 881 110 351 149 818 912 947 0 419 857
1012 998 900 530 941 544 817 1086 419 0 307
19 780 553 455 978 1018 411 1025 857 307 0
E