startin 1
1 2 954
1 3 151
1 4 374
1 5 429
1 6 571
1 7 24
1 8 406
1 9 992
1 10 972
2 3 233
2 4 502
2 5 844
2 6 75
2 7 947
2 8 424
2 9 300
2 10 642
3 4 764
3 5 615
3 6 927
3 7 385
3 8 688
3 9 370
3 10 618
4 5 587
4 6 520
4 7 672
4 8 184
4 9 723
4 10 295
5 6 710
5 7 782
5 8 486
5 9 771
5 10 999
6 7 921
6 8 793
6 9 182
6 10 38
7 8 386
7 9 134
7 10 657
8 9 452
8 10 613
9 10 573
M
0 954 151 374 429 571 24 406 992 972
954 0 233 502 844 75 947 424 300 642
151 233 0 764 615 927 385 688 370 618
374 502 764 0 587 520 672 184 723 295
429 844 615 587 0 710 782 486 771 999
571 75 927 520 710 0 921 793 182 38
24 947 385 672 782 921 0 386 134 657
406 424 688 184 486 793 386 0 452 613
992 300 370 723 771 182 134 452 0 573
972 642 618 295 999 38 657 613 573 0
E