startin 1
1 2 196
1 3 222
1 4 155
1 5 120
2 1 196
2 3 168
2 4 68
2 5 233
3 1 222
3 2 168
3 4 206
3 5 157
4 1 155
4 2 68
4 3 206
4 5 260
5 1 120
5 2 233
5 3 157
5 4 260
M
0 196 222 155 120
196 0 168 68 233
222 168 0 206 157
155 68 206 0 260
120 233 157 260 0
0