startin 1
1 2 412
1 3 507
1 4 681
1 5 818
1 6 245
1 7 338
1 8 335
1 9 56
1 10 635
2 3 517
2 4 973
2 5 228
2 6 981
2 7 733
2 8 134
2 9 348
2 10 257
3 4 811
3 5 667
3 6 883
3 7 699
3 8 362
3 9 542
3 10 768
4 5 375
4 6 470
4 7 123
4 8 782
4 9 824
4 10 331
5 6 854
5 7 222
5 8 796
5 9 276
5 10 627
6 7 949
6 8 422
6 9 385
6 10 234
7 8 962
7 9 574
7 10 787
8 9 685
8 10 972
9 10 865
M
0 412 507 681 818 245 338 335 56 635
412 0 517 973 228 981 733 134 348 257
507 517 0 811 667 883 699 362 542 768
681 973 811 0 375 470 123 782 824 331
818 228 667 375 0 854 222 796 276 627
245 981 883 470 854 0 949 422 385 234
338 733 699 123 222 949 0 962 574 787
335 134 362 782 796 422 962 0 685 972
56 348 542 824 276 385 574 685 0 865
635 257 768 331 627 234 787 972 865 0
E